Index, Target, Period, P Error, Width1, D1 Error, Width2, D2 Error, Depth1, A1 Error, Depth2, A2 Error
59,TIC 273885188,1.886,0.010000000000000009,0.2769283928954268,0.0035529333711071405,0.2809860760484203,0.0037441462801365054,0.4157368196919517,0.0021604940012099794,0.4106334429042585,0.002251995746198438
69,TIC 270616815,6.095872924804688,0.009999999999999787,0.07270145634551205,0.0006737587999411309,0.07237370510187979,0.0004634173271182915,0.4852284935704798,0.0015488869242556874,0.4785870050572996,0.0015120108476955833
107,TIC 122304494,5.952000000000001,0.009999999999999787,0.04694854204427888,4.217478837637991e-05,0.04689082428440743,4.0678606933428746e-05,0.4762470101441174,0.00018208526558855559,0.474481819866827,0.00017307542980479851
136,TIC 172422394,4.808176074218751,0.009999999999999787,0.06244310711326595,5.60173421937271e-05,0.06256057327616427,6.074331139823939e-05,0.34641274750353723,0.0001471342145281008,0.33634935074052946,0.00016056024605311378
146,TIC 268289462,8.762213916015625,0.009999999999999787,0.02638700749671371,0.0006903632904316726,0.026413006955333482,0.0006929416622772442,0.39858084100345254,0.004980898214332581,0.3985108088806805,0.005006832028929835
149,TIC 89522181,4.696197290039063,0.009999999999999787,0.03897175831861173,0.0004426421448537313,0.037815568478032836,0.0004027354437672508,0.4410036939562933,0.002238848220990362,0.4323223026710106,0.002053941792242094
151,TIC 271877841,4.075,0.009999999999999787,0.054341234268704394,6.365256565479222e-05,0.05417018700319605,6.44001490872731e-05,0.33164248176498945,0.00019064145564234416,0.32506132996715414,0.00018919754847762906
154,TIC 99813351,19.374000000000002,0.010000000000001563,0.021630238661007575,0.00035147101785698413,0.02879093997658263,0.0004766500355697241,0.30508989636527206,0.0030009609750573773,0.3024284022419753,0.0028226070652224954
156,TIC 421334320,8.900977783203126,0.009999999999999787,0.022541427720237532,0.00015934068355608183,0.02966182889856154,0.00038178495994500074,0.4347695942208298,0.0013874523464393422,0.39749106791296207,0.002135835619881509
170,TIC 273874851,4.0884990234375,0.009999999999999787,0.07965236662435268,0.00041770018721372934,0.07974839723494132,0.00040222512138951604,0.4293505409518258,0.0010250325971317461,0.4290305148840838,0.0010084258523981693
203,TIC 11119600,1.2210298095703123,0.002525252525252597,0.12722059512245326,0.0001953742753644408,0.1264132467116258,0.00020260550618470284,0.5427760635769687,0.00036465490105843274,0.5184479478896341,0.00036768755314804864
206,TIC 295804815,3.057,0.009999999999999787,0.08603800841027698,4.849863094511323e-05,0.08598681805256977,4.966509226315755e-05,0.48494861850659143,0.00011475888516932617,0.48179898883268,0.00011931218235087198
221,TIC 237277760,3.3630144531249995,0.009999999999999787,0.06731951871284209,0.00043860280139900435,0.06611010032907244,0.0005553882486812933,0.4871669195140139,0.0013841658820561288,0.48635821315102623,0.0014299784674711672
266,TIC 233720276,2.198892626953125,0.009999999999999787,0.0855915892489103,9.535362459522823e-05,0.08103070188325465,0.0001062281956443466,0.4397317842358074,0.00022639120373730198,0.41925155753310944,0.0002511542324267331
283,TIC 92776364,0.846061962890625,0.0015151515151514694,0.28300504610832355,0.0011691588556498455,0.28103632630112496,0.0011847679780229085,0.5566176734004623,0.0009816449545713328,0.5406434073018008,0.0009965581455235412
296,TIC 452544997,2.2450548095703127,0.006363636363636349,0.12210017316193772,0.00010326206048652089,0.12161256773733373,0.00010499849904111206,0.496579837271698,0.00017742732277460188,0.496417557472276,0.00018317974885628832
344,TIC 332277332,0.39308635253906254,0.000303030303030305,0.12732940891154937,0.0019262596339417167,0.12862099163605012,0.001924801090328996,0.34291176616305563,0.0030440018021164485,0.3545011111001612,0.0031167603961291565
357,TIC 426803687,1.4749999999999999,0.0059595959595959425,0.2575710619757647,0.0006890083705177042,0.2519569948239548,0.000806294693426383,0.49414883317257385,0.0005312913568480698,0.47894992352096244,0.0005430400388040433
395,TIC 441687696,2.2253259277343753,0.009999999999999787,0.11770692681011591,0.00032300105198349445,0.11787839748732365,0.00033318712069512385,0.3435965314896434,0.00045132680077692236,0.3304301625272689,0.00045628832703373636
418,TIC 429044383,2.372884130859375,0.009999999999999787,0.05021787975213395,0.00016420325829246324,0.05311251312326022,0.0001926469360149901,0.46235599969210045,0.0006746585229862557,0.4340321827131474,0.0007098378090452161
436,TIC 273173532,3.0278521484375,0.009999999999999787,0.21559722809122214,0.001960450135587531,0.18530846591665565,0.0020550442731913344,0.3462327470479817,0.0011087968012468276,0.3262466027941447,0.0010699667077135233
438,TIC 236046394,3.0009511230468755,0.009999999999999787,0.10684083767942519,0.0015354522341918606,0.09190390979588246,0.016349633975502344,0.4554867493800234,0.003085959961734994,0.44756019256137697,0.006073913914229104
440,TIC 441690583,5.646724267578126,0.009999999999999787,0.04471745175985187,0.0001232665212756528,0.0420345979155788,0.00011375974245714024,0.38139112553006527,0.0004951147789747291,0.35995325918382104,0.0004705925986884566
445,TIC 252668569,0.9259095703125,0.010000000000000009,0.14996585807957274,0.00038536692528016986,0.15251988493414415,0.000386928258102203,0.3634124707317458,0.000447724832025433,0.3614186847646905,0.00043472864969277495
473,TIC 173419202,1.8759083984374998,0.010000000000000009,0.1686209215614432,0.00034913481707010235,0.1708610681830985,0.0004053882271165532,0.34627507832395454,0.00032285345894088514,0.3319843021581632,0.00035225923382740585
475,TIC 325901255,3.074849853515625,0.009999999999999787,0.0845688144150245,0.00015188218229152155,0.08419183877734379,0.00014939117176538625,0.42233034642938794,0.0003495017792583601,0.43188611320106135,0.0003518792141930405
490,TIC 322390461,0.386976231765747,0.00010101010101010166,0.3754088928872992,0.02410895578183763,0.38769549019079347,0.022604742469605095,0.6506886245660013,0.011262412214623584,0.6173508586868675,0.010001072805117363
506,TIC 288434781,6.333463842773437,0.009999999999999787,0.03671112823800558,5.084089720831776e-05,0.037860540107503365,7.430802503388957e-05,0.5036957823170466,0.000293764895842604,0.4688843316234568,0.00041209951563744715
514,TIC 173797509,4.279000000000001,0.009999999999999787,0.03643967556055629,8.850342267630622e-05,0.03779886773452951,8.554372636538874e-05,0.39864237183755585,0.00047027963060832406,0.3681691807466084,0.00038665701925981883
532,TIC 343553606,0.8053586730957032,0.002525252525252486,0.2755226043678936,0.002810049585135412,0.2926603870084656,0.004781224650836145,0.3687365295935594,0.0019544385781867725,0.345020606549482,0.0020280972572140525
559,TIC 329770815,3.870094482421875,0.009999999999999787,0.058792486256736595,8.62031431967154e-05,0.05893230006868383,8.399890325963673e-05,0.36952794233019287,0.00026317438523307734,0.3558105956867096,0.0002520796509347065
575,TIC 343667351,1.5440947265625,0.010000000000000009,0.15480385433271385,0.001458915762801233,0.15498154557543922,0.0011061267523058704,0.3926116178941484,0.0013336201133717718,0.3660847951569079,0.0013344244227218318
581,TIC 310169616,0.41188935546875005,0.0007070707070707116,0.28350758215325517,0.0025400714948046917,0.2832807623818532,0.0024569124274957735,0.35057072875250295,0.0015109966161765515,0.34418867203660236,0.0015116439535828442
590,TIC 305633328,2.5031833251953124,0.009999999999999787,0.19980170537862796,0.0004312416792799438,0.2063623675908971,0.00045234848907785036,0.46573524929773635,0.0003998215222716017,0.4289853030389504,0.0004036044647897739
592,TIC 199574208,1.2680619140625,0.010000000000000009,0.039546986630036654,0.00016702246004638953,0.04116545121213905,0.00017590023807489958,0.4776746113415233,0.0009298158809296605,0.45706268704274144,0.0009186637015867093
598,TIC 176854066,4.045296264648438,0.009999999999999787,0.08135043477771967,6.912075616132983e-05,0.08112818965958146,7.522217785211367e-05,0.3017858994762396,0.000124206937514097,0.28121526334600294,0.0001302662251998596
618,TIC 196740034,3.6543568359375,0.009999999999999787,0.07488094909809048,8.917078885500817e-05,0.07534288006216561,8.81265543184581e-05,0.3759606378019498,0.00021465098964241778,0.37277802484168965,0.00021448886863806822
622,TIC 445287089,1.2738755859375002,0.003131313131313096,0.1570341785602976,0.0003064993573393515,0.15830210022322277,0.0002816574937592978,0.3858576319381306,0.0003151763381899422,0.3606648953904971,0.0003090534937181908
680,TIC 417585921,10.766140747070313,0.009999999999999787,0.04386840621149141,0.001965171915115004,0.07353562825254045,0.002185879277719812,0.6462809830471887,0.008276116220657805,0.6730686151341454,0.013999984097817494
718,TIC 194303300,5.010755322265625,0.009999999999999787,0.03873944618936487,0.0015317013043457202,0.03813005373830833,0.0016335783895378337,0.3847441108811015,0.006747377662635849,0.37689310576217544,0.007360485557070639
726,TIC 26801525,3.896904858398437,0.009999999999999787,0.070006654537103,7.432144874166779e-05,0.06498451995403498,7.718787052033844e-05,0.49143820836019414,0.00021958189744302644,0.4920716001603401,0.0002465313713684267
753,TIC 315287999,1.750914501953125,0.010000000000000009,0.13319579751819816,0.0005260013022530564,0.12932754156490206,0.0005364641693939932,0.40849192035380133,0.000723964753384963,0.39521827214665667,0.0007422544681994388
756,TIC 434893323,2.729,0.009999999999999787,0.13790844099622537,0.00022003501309018995,0.1443926522714093,0.00023194182083490002,0.2997483142008797,0.00021751515472217932,0.30241057853914977,0.00022340166538307443
757,TIC 173521768,5.529067492675782,0.009999999999999787,0.07287232119770198,0.00018851093526488902,0.07143765332302589,0.00021799030418045737,0.6761532832293531,0.0008303225691971276,0.6732846430262439,0.0007472859648940985
777,TIC 320268279,0.45089539794921873,0.0007070707070707116,0.290680298173391,0.0031887673040866893,0.30818766519261076,0.00313578188523385,0.332069654045474,0.0016282636372830846,0.31752122292997786,0.0015916187062294284
780,TIC 352378412,0.676,0.0015151515151514694,0.218637082512107,0.0007729928466573988,0.3028816043635233,0.001279343249836285,0.33140358407457987,0.0005418071686988893,0.317776938879354,0.0005636748785556708
806,TIC 83905462,9.633587304687499,0.009999999999999787,0.054111091626136365,9.674242310030906e-05,0.05845041830376274,0.00014343839073924957,0.34630822631100444,0.00029559696398791675,0.3373988722697656,0.0003938680217322271
841,TIC 388436487,3.0980756347656246,0.009999999999999787,0.033337994672601706,0.00025893087571748826,0.033209957907941345,0.00025541700149290907,0.5154775922644321,0.001782210513004542,0.5140091426476772,0.0016806466138492653
846,TIC 301909087,4.4460542724609375,0.009999999999999787,0.08416669169761093,7.556103908852187e-05,0.08366695453315515,6.582972764904147e-05,0.4431828120038109,0.00016849046528148154,0.4394486630759446,0.0001535882315370661
873,TIC 384654908,8.881716918945312,0.009999999999999787,0.12604922063322127,0.0009341830857146721,0.10519073371825244,0.0008420377997400511,0.475746151161468,0.0013199176496085155,0.46061371828359804,0.001247651960570413
891,TIC 63623869,1.5265984222412108,0.010000000000000009,0.06226950752261301,0.0014675569645166558,0.0667024764600842,0.0006576515668988821,0.33524372229119626,0.002342334672746745,0.31299630139095214,0.0017670871918807278
899,TIC 428735978,2.714867431640625,0.009999999999999787,0.12578765518921542,0.0001089183062143872,0.12480172536406703,0.00011167924584131855,0.42863083402687446,0.00016140943377394558,0.4204587435212144,0.00016377616144578
917,TIC 117175528,2.254834838867187,0.009999999999999787,0.13269821984914998,0.00017330135218007782,0.14306407239575689,0.0001852168427471653,0.36623184986881513,0.0002189792636976246,0.3559205378430585,0.0002175441396730194
919,TIC 286566392,1.446364111328125,0.007777777777777883,0.13264905490160447,0.0007613448430102756,0.12207846320274326,0.001164372070979462,0.3395425548197574,0.0009782998940195083,0.3277090541611274,0.001137006839188856
932,TIC 53708889,8.46048358154297,0.009999999999999787,0.04565497138531331,3.0470434071969976e-05,0.043480362727341536,2.9916396734471863e-05,0.475823452605348,0.00014050782598480594,0.47164174021755817,0.00014434995639082466
959,TIC 21174723,0.46401818695068353,0.00010101010101010166,0.09741513609647776,0.0017086584909130715,0.09438995928207289,0.0025079137710811656,0.6156483856964176,0.004908596960382913,0.6295894862685142,0.005986220202264029
969,TIC 348517784,4.221257629394531,0.009999999999999787,0.05065003135479,0.0001570569986950134,0.04781317811758057,0.00019076307498206235,0.3894428265669755,0.0005373228634981222,0.36852501658497167,0.0007182246023896894
982,TIC 346783960,5.732489794921875,0.009999999999999787,0.07103417718738866,0.00028589659215327563,0.07018979059986456,0.00029126317434953036,0.4003916550958331,0.0006730698736136722,0.40385356339282463,0.0006701922260137492