Index, Target, Period, P Error, Width1, D1 Error, Width2, D2 Error, Depth1, A1 Error, Depth2, A2 Error
10,TIC 364325969,0.41996923828125,0.0005050505050505083,0.29070037848565455,0.0021857832644537607,0.27138540965335956,0.002066588877575956,0.28061233116969836,0.001074414809623294,0.2521157062910091,0.0010458323034086864
15,TIC 140757590,0.41810715332031245,0.0005050505050505083,0.2909281380756159,0.002646996418117024,0.28901742670604547,0.0028440492178412454,0.23283781333385156,0.0011959402572732417,0.20414483388799232,0.0011938348300647782
30,TIC 177258700,0.6879832031250002,0.0017171717171716727,0.2791481869058685,0.0024819252630336078,0.29564072941154473,0.002888188706325255,0.2744248596213799,0.0012384315775763187,0.2404356788061735,0.0012018222174878875
62,TIC 349480507,3.1245338867187504,0.009999999999999787,0.08857294357282092,0.0003868823816055326,0.08867795197792111,0.0002636205980585618,0.38162898142038804,0.0005523259909619915,0.3810904282754966,0.0005099307773854545
75,TIC 33715938,2.876838641357422,0.009999999999999787,0.07213338252030575,0.0008532066042629377,0.07085537270798305,0.0005674318971936458,0.36487431504840123,0.0015830714023255083,0.34918054606941973,0.001420015467606757
77,TIC 149629043,2.18805341796875,0.0053535353535352215,0.07345155010456203,0.00015983542386241025,0.07382512722767731,0.00017431161742081596,0.38504562827391636,0.0004041961753100762,0.3649616724661908,0.0004217771423036765
103,TIC 294273900,0.47204609375000006,0.010000000000000009,0.2795437298131068,0.0031381020567336,0.27757878664554453,0.0023766925651968196,0.25398940161169686,0.0010764263924311075,0.23095580277800268,0.0010782488069655059
105,TIC 157175641,0.37009033203124997,0.010000000000000009,0.2814259255579906,0.0027410954227875804,0.28245436497573917,0.002158268714219819,0.3107456027526497,0.0011306036461748773,0.29489584585947626,0.0011521398817480745
117,TIC 382266319,0.34407978515625,0.000303030303030305,0.2938549051209726,0.002116533082016256,0.28059642528417894,0.0023819669065612025,0.34818307325248077,0.001312031365748948,0.31160172867711405,0.0013608946289638867
120,TIC 231093356,3.4700847167968747,0.009999999999999787,0.06185135936269008,5.23140860599001e-05,0.061624039062016245,5.158398488898036e-05,0.4115150028050999,0.0001604246774424514,0.3856860935329548,0.00015023099330607165
140,TIC 124205037,0.3329349609375,0.0007070707070707116,0.293129345239114,0.0020475750550865233,0.28615436696323177,0.002375646184133467,0.2834672004766838,0.0010478600471341307,0.25626336836167085,0.0010988387258261732
172,TIC 415873588,3.4917442382812496,0.009999999999999787,0.09315027144273966,5.488181132294444e-05,0.09318197050830213,5.6262969832624776e-05,0.4221693002131388,0.00011623458305198556,0.4156924287305202,0.00011745497258052648
207,TIC 348897766,0.442010791015625,0.0005050505050505083,0.2848624381769242,0.0017477528328618637,0.27699918176708993,0.002047315637407247,0.24177659196581908,0.000746013047980385,0.22462330207743295,0.000727995427731216
210,TIC 165458777,0.29291416015625,0.000303030303030305,0.3024445957956622,0.002876453940609836,0.29401507238290303,0.002550461033138591,0.32517455032751114,0.001435111479524509,0.315018556903091,0.0014833486100803398
229,TIC 425064757,0.5230159606933593,0.010000000000000009,0.05190720937964799,0.00041665005802356264,0.05209596452396427,0.00041536956954755193,0.3820181529639366,0.0017040117193508953,0.37833228860165763,0.001674528317449196
238,TIC 158713903,3.5925261718750003,0.009999999999999787,0.0943821296477673,0.0002901173645974632,0.09372306228580812,0.0003402857423593576,0.44771040157189473,0.0006105806970513836,0.439422276962912,0.000702002241339962
246,TIC 30034081,4.689770996093751,0.009999999999999787,0.05961409846614308,0.00018014201466035138,0.06024460121244907,0.00019688758446398687,0.4843749991671701,0.000664691237603864,0.473154093117759,0.0006837940172802283
251,TIC 158673914,0.373091064453125,0.000303030303030305,0.29445888400681364,0.0021325407260326616,0.28402128696778206,0.0025930217370584204,0.3656250370263722,0.0013053073258372776,0.3282866911243855,0.0013328184262905388
262,TIC 452734608,3.9921226318359375,0.009999999999999787,0.08155816102078317,0.0003435780065125293,0.08145638572591352,0.0003338027146972094,0.49291748192770907,0.0009114961471334908,0.5001983949206282,0.0009090591049329835
268,TIC 147214032,2.4879392578125,0.009999999999999787,0.08321102694898574,5.191651722338443e-05,0.08176639122353282,5.5868202302024045e-05,0.32004637286362986,9.589064378389176e-05,0.31572389338927265,0.00010554985642397934
270,TIC 350622185,1.1697135009765625,0.010000000000000009,0.14054430738794288,0.0013382862108141655,0.1345004227176103,0.0021309355909341437,0.3201425015006452,0.001560204714161422,0.3234669023805279,0.0018648228398077237
287,TIC 118313102,9.261643115234374,0.009999999999999787,0.03642864101139644,0.00013099049254864208,0.04444340986785428,0.00015521825878606247,0.48173566169148324,0.0007697247837830678,0.4689506972288473,0.000714148674949536
291,TIC 141914317,0.43687830734252936,0.0007070707070707116,0.2822641558194885,0.0058571704096607455,0.27841139175764595,0.003675585531555848,0.2585702148432207,0.001875541524454786,0.24758012282545971,0.0016211325639707871
298,TIC 141268467,4.181051037597657,0.009999999999999787,0.056808356809153596,6.347148637982566e-05,0.05572874919786752,6.609171566988505e-05,0.4969324537164644,0.00022174371086979862,0.46763964231174754,0.00023042570364511158
300,TIC 89787778,1.0821584960937498,0.010000000000000009,0.2765712116842973,0.001215710724686402,0.27121303019927556,0.0012482998427384873,0.511164538297666,0.0008631561090140609,0.5094613139691103,0.0008196557916183866
340,TIC 374859582,1.3049840698242186,0.0017171717171717837,0.14038808674309877,0.000156243559983651,0.14083396908405096,0.00015339343358551267,0.48343122395157523,0.0002286600009590515,0.474902165129298,0.0002222617163971162
376,TIC 312907176,1.51596298828125,0.002525252525252597,0.14410308749641104,0.0004477405644041778,0.14197915080092577,0.0004657181343196393,0.5787025275770066,0.0008734779846554566,0.5569249821746728,0.000887872290422415
379,TIC 405533713,0.2799931640625,0.010000000000000009,0.29759788705915036,0.0024008495331746373,0.2904418772036642,0.0026512972060839433,0.21570957662828516,0.000819372008740877,0.18105885700024554,0.0008063942722006185
435,TIC 418532689,0.38081396484374996,0.000303030303030305,0.24348498857949097,0.002511413350965787,0.2857297183767685,0.0036016665077656354,0.2647980185754669,0.0017175061191805068,0.26177343792675123,0.0016736685723325042
493,TIC 260541250,0.33598359375,0.00010101010101010166,0.28018178854331854,0.0020584984209309157,0.27065317373043357,0.0019143230916222492,0.2688387965440835,0.0010537399109302075,0.26013072397014037,0.0010280691699190133
509,TIC 75969405,9.221774853515626,0.009999999999999787,0.02294906962954115,0.0006550368481385461,0.022924570033574555,0.0006508457859572259,0.44079071757011934,0.005646516737534057,0.43993741236587386,0.005604522477494424
618,TIC 306272819,2.546,0.009999999999999787,0.07094497414817352,6.81877102254679e-05,0.06978544120049276,7.061830922438154e-05,0.40047251720528454,0.00017488355646684304,0.3879406022216968,0.00018372889207612537
676,TIC 290410988,0.28597207031250005,0.00010101010101010166,0.3013665205430093,0.002273213688244503,0.2761614672177114,0.002232147898918046,0.3677538831975335,0.001242049340512573,0.35120411814456626,0.0012956202115336666
790,TIC 90911675,3.962806494140625,0.009999999999999787,0.07958397119839267,0.00015963406146925625,0.07946327197034386,0.00017286478034150385,0.4871525194448719,0.0004574192657595207,0.4501325695179754,0.0004516909836958439
816,TIC 211215485,1.7010830566406248,0.010000000000000009,0.15826302465535186,0.0005788934283326145,0.16260124714737745,0.0006998190292719494,0.31289393709736196,0.0005415239568474859,0.29459494354275534,0.0005774838006276536
853,TIC 320173862,0.396053173828125,0.00010101010101010166,0.12200245671430154,0.0009137375710319821,0.12286974713465892,0.000926405728954559,0.35988498530177876,0.0013582440457551687,0.36235547240031984,0.0013756701170879947
871,TIC 121273032,3.4751696777343755,0.009999999999999787,0.060429029085383223,8.427649708597068e-05,0.06045005134054331,8.420574805345525e-05,0.3427396270812058,0.00023291942442394165,0.34114380923732607,0.00023197929180270726
875,TIC 120499528,0.36903603515625,0.000303030303030305,0.29448122841591373,0.0023543007571581475,0.2852916296334589,0.002409284815246424,0.3050182998381032,0.0011921804622133,0.29538869455322414,0.0012130038376508008
894,TIC 27843942,1.5219628417968751,0.0029292929292930037,0.07448728378736216,0.0001333986278854326,0.07631411102676329,0.00014077114600466957,0.3841810399901196,0.00031116260389338845,0.3639505372187419,0.0003134365764101903
907,TIC 272176884,0.835122314453125,0.0017171717171716727,0.29013122596678786,0.0017761539181976255,0.2881101106047078,0.0019329350830060192,0.330482373392703,0.0009304958278228675,0.2930710868770697,0.0009175431582005905
908,TIC 281948821,0.22405416412353518,0.00010101010101010166,0.13925813299440798,0.007300519895351794,0.1900980760712359,0.0045077668552745715,0.4948146182926998,0.00877569931067,0.5352148864166173,0.009070034530803244
929,TIC 266920154,4.708057470703125,0.009999999999999787,0.07069843226161232,4.2904036921538765e-05,0.06856536350507925,4.6821016278484126e-05,0.4078224715917631,0.00010935077248541038,0.3854901841085827,0.00012112922585957136
930,TIC 138971570,3.0039266601562504,0.009999999999999787,0.08360524548217406,5.7674260326531975e-05,0.08368423910209111,6.149373577043141e-05,0.42893367126931076,0.00013020200125063276,0.419415615715403,0.00013768425660083753
933,TIC 122375269,3.7836304687499998,0.009999999999999787,0.08743794626196064,0.00031407265962643863,0.08779772028963007,0.0002976528588309318,0.6268246070802138,0.0009339394271886327,0.627068481176981,0.0009257556160518504
939,TIC 263930790,1.1233290039062498,0.010000000000000009,0.22387594240094275,0.0012403015341242022,0.2230274836188063,0.00117124359771666,0.2782375710029085,0.0007849529210311537,0.25424798306871516,0.000701258605283851
944,TIC 274347939,9.705355407714844,0.009999999999999787,0.02327521226163865,0.00030613874331680065,0.02390667394665015,0.0003140389305599309,0.44595522921717534,0.0028011332096779334,0.44500092077250597,0.0027716212302612096
965,TIC 424719589,15.28272015991211,0.009999999999999787,0.010233630269850932,0.00013425160714131002,0.01027854730711861,0.0001900567343314427,0.38599099900330913,0.0022592112376243114,0.38754318058043635,0.0031916312438916837
981,TIC 270704947,5.319740234375001,0.009999999999999787,0.0536056828691086,0.000355625622590812,0.05309812184676317,0.0003516243090453243,0.41628062422362083,0.00139917172214601,0.41265885242530703,0.0013910998510359806
986,TIC 120684604,1.459857421875,0.010000000000000009,0.14334565789379086,0.0021767847027307527,0.13930225720716166,0.0022789047047321012,0.33339786238695485,0.002247709725519008,0.3140200023429954,0.0023402842219333807
988,TIC 243319567,0.4391018188476562,0.0005050505050505083,0.29351762969841944,0.0023309534106224364,0.28703003157951423,0.003136487038961753,0.34467889274069236,0.0012916039160587264,0.3399230043129667,0.0013171893155590956
990,TIC 427041696,4.00580439453125,0.009999999999999787,0.08407240093044756,0.00014825579709130135,0.0862488031735363,0.00017982956296582752,0.4652838931275067,0.0003409374526129013,0.4547160835321571,0.0004019633522902536
991,TIC 237130278,0.4130100830078125,0.010000000000000009,0.287115682608066,0.0031078380282949574,0.2837004208924714,0.003272933407818174,0.18194506839061478,0.0010596470267659696,0.15874646245755714,0.0010132226507782026
997,TIC 199420503,2.386,0.009999999999999787,0.10486791964956478,0.00014958280171880435,0.10626340958907082,0.00014440042059789303,0.3954783895027553,0.00025825488729675,0.36777903504954657,0.00022896861096407005
1004,TIC 121213501,0.47401157226562507,0.0007070707070707116,0.28735010208524353,0.0028888015379842902,0.3385982067507829,0.0014514854842523368,0.2530538382524917,0.0013222670207937563,0.19701597303608637,0.0011866478412492078
1067,TIC 158218818,0.4232375244140625,0.000303030303030305,0.3195998525802164,0.003982499969917053,0.298446028721175,0.003378851808661402,0.25479375808411703,0.001412297020747747,0.22522864748139995,0.0014607755332990873
2156,TIC 87251422,10.078507861328124,0.009999999999999787,0.02366004229570319,0.0002400970964331453,0.02101830883486043,0.000186209969856665,0.45536883424441116,0.0020274381458782963,0.4469533915345657,0.002052230676645901
2175,TIC 322549898,1.7949123535156248,0.010000000000000009,0.07524079806630221,0.00012867249442387736,0.07572243417305485,0.00012996969512536218,0.3539410259099615,0.00028180814882415985,0.34445076081939563,0.0002823209049648558
2192,TIC 306059878,11.808765252685546,0.009999999999999787,0.03351262053826358,0.00013328765805357317,0.05186440032868524,0.00012591085244552882,0.3400763441674377,0.0006177921803620103,0.30958456958080804,0.00038046995798732985
2218,TIC 239052494,7.702470092773439,0.009999999999999787,0.04242384261388843,0.0007785423862844965,0.039887015005665466,0.0007714692572190217,0.31242456854232026,0.0035724420956189896,0.29176413911654336,0.0035445377934465736
2253,TIC 297899564,7.969778222656251,0.009999999999999787,0.022087979851400555,1.912310943874927e-05,0.05575432921252617,3.703659510411581e-05,0.46050822664131447,0.0003834424320449113,0.44615881596184576,0.00035332829414840233
2268,TIC 320947341,2.0669999999999997,0.009999999999999787,0.07218561739824364,9.768511689952974e-05,0.07118808193101975,0.00011374005202536219,0.4437229172161032,0.00026122582529618395,0.41738127575920675,0.00029487146440282207
2272,TIC 418244848,8.642210986328124,0.009999999999999787,0.027233013230192595,0.0007342945413631195,0.027140810259455698,0.000896412245373787,0.3400611450555904,0.0044461240729613645,0.3336508057731486,0.005340692434638997
2285,TIC 67296459,0.6421175537109375,0.0007070707070706561,0.12857269925479886,0.0025051322434161815,0.12883812760349495,0.002464816800575686,0.3547637149229108,0.003120956138709228,0.34427528966016796,0.003071635699025535
2297,TIC 742037143,0.37489013671875004,0.00010101010101010166,0.2841410705967815,0.03328726175774907,0.31531380003575715,0.024913444266164056,0.3687997617991089,0.010635856587834424,0.37664278231380627,0.010603943385011723
2330,TIC 302908037,0.40495056152343756,0.00010101010101010166,0.10883677633223869,0.001031527983284476,0.10863921057446249,0.0010224298773980265,0.4085247123149394,0.0019788746366830082,0.4019417129263067,0.0019426200744071234
2370,TIC 240154683,4.034984863281251,0.009999999999999787,0.08958590099899447,0.00026683514219963205,0.08828029902906084,0.00025012878980462216,0.36235837125005604,0.0005212593891767037,0.33968011823335864,0.0004805094642122523
2374,TIC 240122720,0.5389342041015626,0.00010101010101015717,0.12693558519678977,0.0013873715295716082,0.12640680083572803,0.0013896734267981362,0.6626927384130142,0.0032172624566273794,0.6690791620613837,0.0032415221339973325
2376,TIC 71266846,0.2670184098243714,0.00010101010101010166,0.14968168888218442,0.0036583452453960857,0.17057667055193942,0.007489851811419719,0.43342551067815577,0.006002167007906922,0.42395154499485427,0.00740161448910481
2399,TIC 312865025,2.734200244140625,0.009999999999999787,0.11935656795469654,0.0001766748515489878,0.11773483532841005,0.00016874115931923313,0.39279449467106303,0.00026510229829817893,0.38708366570131586,0.00025397010843586284
2478,TIC 233635280,1.3741341796874997,0.010000000000000009,0.12322142129552935,0.0003633960489062384,0.12149798601321597,0.0005009338392191225,0.4924717944667858,0.0005954950480136588,0.4674148898638706,0.0005980026180178834
2491,TIC 315120782,0.9339429931640626,0.0009090909090908594,0.07057119001906173,0.00020156201517115079,0.07495128314156946,0.00021928300504845668,0.39929401109252305,0.000548544798443021,0.38596292467417886,0.0005419783033242641
2506,TIC 286310830,8.391721124267576,0.009999999999999787,0.06003286455086343,0.00017245795024356078,0.0770393960257474,0.00029516545730321885,0.4116087048208792,0.0005823091467100267,0.40585674511887254,0.0008670217109010323
2528,TIC 73386477,2.183146875,0.009999999999999787,0.12991469517108128,0.0008981897595417843,0.1328135241460194,0.0007064863485118902,0.46501416873873264,0.0010607676472196282,0.4585028982808225,0.0011169524360808976
2542,TIC 53997651,2.9170712158203123,0.009999999999999787,0.029698028338821465,0.00010976246701416956,0.028298366073344988,0.00010648699466198297,0.3406956154938736,0.0006095515645656246,0.33461329676000046,0.0006083065734623708
2620,TIC 22818693,5.629931274414063,0.009999999999999787,0.01677920066749082,5.551623665334981e-05,0.017038045871956654,6.80004806346943e-05,0.435417292275176,0.0006621936038591111,0.43779589867751273,0.0008004331235498501
2671,TIC 180570279,9.585643524169921,0.009999999999999787,0.05351710739378833,0.0003120563969028547,0.05283001523631145,0.0003177345550611203,0.5217304918339557,0.0015259065524542688,0.48662720168280654,0.0015091523475901402
2685,TIC 339540793,3.7747235107421875,0.009999999999999787,0.06383891765997785,7.713597116337708e-05,0.06442306552776485,7.777058241091017e-05,0.40289984904295684,0.00023422493911398325,0.3940611295512708,0.00023324315932208127
2693,TIC 357358259,6.239152319335938,0.009999999999999787,0.05635607735493896,0.0011934982947773582,0.05559466834470869,0.0012013248265504537,0.45939487789734396,0.004063378601449319,0.45402198001948785,0.004102322541956058
2766,TIC 392909786,0.40784062500000007,0.010000000000000009,0.26330932484748604,0.005727960335686366,0.26988469029337686,0.008692051279635024,0.45590519207489355,0.004520493877293139,0.4628222471553026,0.004898759348167331
2819,TIC 31850842,4.6391698852539065,0.009999999999999787,0.028435323409401428,0.00015725499304060093,0.028514768565934934,0.0001836980474291606,0.3043922010649764,0.0008221928655508499,0.3052368723679538,0.0009552427623919128
2847,TIC 164681172,9.810119750976565,0.009999999999999787,0.017853243174798864,9.539195568624277e-05,0.017694667833181618,9.471134485665809e-05,0.3231758410768391,0.0008393130148895512,0.3220512091359358,0.0008385919677320633
2878,TIC 41865879,13.762183593749999,0.009999999999999787,0.05068527332616671,0.0003302012878022043,0.030466104064281824,0.0015519709185885491,0.3721608251683933,0.0016702874069154995,0.3707189965312393,0.006826804982470863
2897,TIC 10838695,4.612056298828125,0.009999999999999787,0.06019410299282614,0.00017486088136460447,0.0601886342128639,0.0001765998611624059,0.38274854240292766,0.0005380836928809822,0.38297457309011484,0.0005370065745048937
2913,TIC 281498280,0.7508991577148438,0.001313131313131266,0.06676996762080818,0.000352377813560419,0.06568283683814524,0.00036088017216650057,0.3348560083158457,0.0009842330076629644,0.3288049880551173,0.0010038632765255197
2959,TIC 318868368,3.6910901123046873,0.009999999999999787,0.06800720867825849,0.0004161389755981825,0.06504329356290772,0.00037395829440107055,0.45074194490953806,0.001179517037134247,0.4159745866228399,0.0010249101480644819
2969,TIC 88479623,0.91804482421875,0.010000000000000009,0.09385046477593953,0.0003905324493475897,0.08756342722622816,0.00028930115408464874,0.3809179380919217,0.0005210581324659486,0.3480982411702535,0.0005426715338386988
3039,TIC 427398881,13.547917309570312,0.009999999999999787,0.03267308765694665,3.9583268735073234e-05,0.023618726472103446,7.195567604461742e-05,0.47486274490677455,0.00026250472661534894,0.4457793235781972,0.0005991583010433139
3071,TIC 72782654,6.634190063476563,0.009999999999999787,0.0345723902348529,4.3881223504139684e-05,0.052436654921617566,4.2689052095320676e-05,0.44172675357015795,0.0002878635723666796,0.4399339697018519,0.00019916693373072498
3072,TIC 42828781,2.943,0.009999999999999787,0.12784917008841382,0.00012795344937016276,0.1290686493876947,0.0001374570389324071,0.4387993553607,0.0002095115058821152,0.4000449515758346,0.0001877425572364791
3107,TIC 100917608,4.12389931640625,0.009999999999999787,0.07304626148786474,7.944424818166895e-05,0.07415961941964969,8.222868482664229e-05,0.39136192002509707,0.00019625932211992322,0.387779767712997,0.00019818636750483417
3121,TIC 153166843,1.9319056640624999,0.0029292929292930037,0.0844194652770072,0.00016348837056304067,0.08543135381325945,0.00017492152290092894,0.4163324583732159,0.0003780277668366087,0.39475365519360683,0.00038302170213558393